"startX" "startY" "startZ" "endX" "endY" "endZ" "cyl_ID" "parent_ID" "extension_ID" "length" "axis_ID" "segment_ID" "node_ID" "branching_order" "X94.5504632813008"
-0.01 0 2.94 -0.01 0 2.94 286 285 287 0.01 1 302 285 1 94.55
-0.01 0.01 3.09 -0.01 0.01 3.1 303 302 304 0.01 1 318 302 1 98.31
-0.01 0.01 3.24 -0.01 0.01 3.25 319 318 320 0.01 1 338 318 1 100.68
-0.01 0.03 3.42 -0.01 0.03 3.43 339 338 340 0.01 1 359 338 1 100.05
0 0.02 3.61 0 0.02 3.62 360 359 361 0.01 1 379 359 1 98.75
0.02 0.01 3.79 0.02 0.01 3.8 380 379 381 0.01 1 395 379 1 108.09
-0.01 0 3.93 -0.01 0 3.94 396 395 397 0.01 1 431 395 1 94.24
0.01 0.02 4.26 0.01 0.02 4.26 432 431 433 0.01 1 452 431 1 104.37
-0.01 -0.02 4.43 -0.01 -0.02 4.44 453 452 454 0.01 1 475 452 1 105.58
0.06 -0.02 4.61 0.06 -0.02 4.62 476 475 477 0.01 1 496 475 1 113.94
-0.03 0.03 4.77 -0.03 0.03 4.79 501 496 502 0.01 1 520 496 1 98.84
-0.02 -0.01 4.95 -0.02 -0.01 4.95 521 520 522 0.01 1 538 520 1 85.79
-0.02 0.01 5.1 -0.02 0.01 5.11 539 538 540 0.01 1 559 538 1 77.07
-0.03 0.01 5.28 -0.03 0.01 5.29 560 559 561 0.01 1 583 559 1 74.36
-0.02 0.02 5.48 -0.02 0.02 5.48 584 583 585 0 1 601 583 1 67.24
-0.02 0.02 5.64 -0.02 0.02 5.64 602 601 603 0.01 1 662 601 1 63.52
-0.01 0.02 6.13 -0.01 0.02 6.14 663 662 664 0.01 1 685 662 1 53.81
-0.01 0.02 6.31 -0.01 0.02 6.32 686 685 687 0.01 1 709 685 1 48.55
-0.02 0.03 6.52 -0.02 0.03 6.52 710 709 711 0.01 1 728 709 1 41.22
-0.02 0.04 6.68 -0.02 0.04 6.69 729 728 730 0.01 1 741 728 1 33.5
-0.02 0.04 6.78 -0.02 0.04 6.79 742 741 743 0.01 1 811 741 1 28.2
-0.03 0.05 7.35 0.01 0.1 7.35 1252 811 1253 0.06 1 1254 811 1 63.27
-0.03 0.05 7.47 -0.03 0.05 7.48 826 825 827 0.01 45 850 825 2 38.18
-0.03 0.05 7.69 -0.04 0.05 7.7 851 850 852 0.01 45 874 850 2 24.87
-0.01 0.08 7.91 -0.01 0.08 7.91 875 874 876 0 45 897 874 2 16.31
0.04 0.11 7.55 0.04 0.11 7.55 906 905 907 0 363 936 905 3 161.42
0.1 -0.04 6.98 0.1 -0.04 6.98 963 962 964 0.01 43 986 962 2 14.15
0.16 -0.08 7.17 0.16 -0.08 7.18 987 986 988 0.01 43 999 986 2 4.54
0.18 -0.1 7.28 0.19 -0.1 7.29 1000 999 1001 0.01 43 1011 999 2 16.18
0.2 -0.12 7.38 0.21 -0.12 7.39 1012 1011 1013 0.01 43 1033 1011 2 23.34
0.24 -0.14 7.63 0.24 -0.14 7.64 1044 1043 1045 0.01 43 1068 1043 2 15.26
0.25 -0.13 7.85 0.25 -0.14 7.86 1074 1068 1075 0.01 43 1079 1068 2 28.5
-0.03 0.15 7.35 -0.02 0.15 7.34 1257 1254 1258 0.01 1 1258 1254 1 81.17
-0.07 0.2 7.36 -0.07 0.2 7.38 1263 1260 1264 0.01 49 1304 1260 2 17.84
-0.07 0.25 7.3 -0.07 0.25 7.3 1306 1305 1307 0 1 1323 1305 1 175.98
-0.06 0.19 7.14 -0.11 0.23 7.13 1485 1325 1486 0.06 1 1544 1325 1 135.43
-0.08 0.31 7.49 -0.08 0.31 7.5 1364 1363 1365 0.01 51 1387 1363 2 11.57
-0.08 0.34 7.69 -0.08 0.34 7.7 1388 1387 1389 0.01 51 1410 1387 2 11.75
-0.07 0.36 7.9 -0.07 0.36 7.9 1415 1410 1416 0.01 51 1424 1410 2 18.57
0.01 -0.16 6.42 0.02 -0.17 6.42 1564 1563 1565 0.01 37 1588 1563 2 36
0.03 -0.31 6.59 0.03 -0.32 6.6 1589 1588 1590 0.01 37 1610 1588 2 33.82
0.05 -0.43 6.75 0.05 -0.43 6.76 1611 1610 1612 0.01 37 1633 1610 2 12.9
0.08 -0.54 6.93 0.08 -0.54 6.94 1634 1633 1635 0.01 37 1653 1633 2 30.94
0.08 -0.61 7.09 0.08 -0.61 7.1 1654 1653 1655 0.01 37 1670 1653 2 4.46
0.07 -0.65 7.23 0.07 -0.66 7.24 1671 1670 1672 0.01 37 1699 1670 2 18.13
0.08 -0.72 7.45 0.09 -0.73 7.46 1706 1699 1707 0.01 37 1722 1699 2 14.11
0.01 0.17 7.18 0.01 0.17 7.17 2062 2057 2063 0.01 53 2109 2057 2 171.41
-0.19 0.16 6.22 -0.19 0.16 6.22 2129 2128 2130 0.01 35 2161 2128 2 36.3
-0.33 0.29 6.38 -0.33 0.29 6.38 2162 2161 2163 0.01 35 2190 2161 2 30.53
-0.45 0.39 6.55 -0.45 0.39 6.56 2191 2190 2192 0.01 35 2215 2190 2 15.46
-0.54 0.47 6.72 -0.54 0.48 6.72 2216 2215 2217 0.01 35 2236 2215 2 40.24
-0.6 0.54 6.84 -0.61 0.54 6.86 2237 2236 2238 0.02 35 2263 2236 2 15.66
-0.68 0.6 7.05 -0.69 0.56 7.05 2345 2263 2346 0.04 35 2370 2263 2 19.7
-0.42 -0.21 4.45 -0.43 -0.21 4.44 2696 2694 2697 0.01 19 2720 2694 2 63.16
-0.63 -0.28 4.47 -0.63 -0.28 4.47 2721 2720 2722 0.01 19 2760 2720 2 67.87
-0.9 -0.42 4.53 -0.9 -0.42 4.53 2761 2760 2762 0.01 19 2774 2760 2 6.29
-1 -0.47 4.56 -1 -0.48 4.56 2775 2774 2776 0.01 19 2788 2774 2 68.97
-1.09 -0.53 4.59 -1.1 -0.53 4.59 2789 2788 2790 0.01 19 2793 2788 2 67.19
-1.12 -0.55 4.6 -1.13 -0.55 4.6 2794 2793 2795 0.01 19 2804 2793 2 133.39
-1.19 -0.58 4.64 -1.2 -0.58 4.64 2805 2804 2806 0.01 19 2832 2804 2 40.37
-1.36 -0.66 4.74 -1.37 -0.66 4.75 2833 2832 2834 0.01 19 2833 2832 2 40.61
-1.37 -0.66 4.75 -1.37 -0.66 4.75 2834 2833 2835 0 19 2856 2833 2 17.73
-1.51 -0.73 4.83 -1.52 -0.73 4.84 2857 2856 2858 0.01 19 2903 2856 2 67.1
0.45 -0.15 4.65 0.43 -0.2 4.7 3630 3268 3631 0.07 21 3689 3268 2 44.91
0.67 -0.21 4.7 0.67 -0.21 4.7 3296 3295 3297 0.01 185 3306 3295 3 4.74
0.74 -0.24 4.72 0.75 -0.25 4.73 3307 3306 3308 0.01 185 3317 3306 3 28.15
0.82 -0.28 4.75 0.83 -0.28 4.75 3318 3317 3319 0.01 185 3351 3317 3 62.04
1.07 -0.37 4.82 1.08 -0.37 4.83 3352 3351 3353 0.01 185 3374 3351 3 36.83
1.23 -0.41 4.89 1.24 -0.42 4.89 3375 3374 3376 0.01 185 3400 3374 3 47.53
1.39 -0.48 4.98 1.41 -0.49 4.99 3401 3400 3402 0.01 185 3449 3400 3 60.4
1.72 -0.57 5.17 1.72 -0.57 5.17 3450 3449 3451 0 185 3471 3449 3 50.85
0.55 -0.51 5.1 0.49 -0.59 5.07 6720 3689 6721 0.11 21 6836 3689 2 142.54
-0.2 -0.02 6.8 -0.2 -0.02 6.81 4112 4111 4113 0.01 41 4131 4111 2 24.25
-0.29 -0.04 6.96 -0.29 -0.05 6.97 4132 4131 4133 0.01 41 4155 4131 2 19.95
-0.39 -0.07 7.14 -0.39 -0.07 7.15 4156 4155 4157 0.01 41 4176 4155 2 15.15
-0.45 -0.09 7.3 -0.45 -0.09 7.31 4177 4176 4178 0.01 41 4205 4176 2 24.21
-0.47 -0.06 7.55 -0.5 -0.1 7.55 4289 4205 4290 0.05 41 4289 4205 2 39.27
-0.5 -0.1 7.55 -0.5 -0.1 7.56 4290 4289 4291 0 41 4316 4289 2 6.41
-0.11 -0.45 5.01 -0.13 -0.43 5.09 5059 4496 5060 0.08 25 8067 4496 2 56.6
-0.17 -0.73 5.1 -0.17 -0.73 5.1 4532 4531 4533 0 219 4545 4531 3 19.49
-0.19 -0.83 5.15 -0.19 -0.84 5.16 4546 4545 4547 0.01 219 4568 4545 3 59.95
-0.23 -1 5.23 -0.23 -1.01 5.23 4569 4568 4570 0 219 4596 4568 3 46.34
-0.27 -1.2 5.33 -0.27 -1.2 5.33 4597 4596 4598 0.01 219 4617 4596 3 21.4
-0.31 -1.34 5.43 -0.31 -1.35 5.43 4618 4617 4619 0.01 219 4648 4617 3 62.66
-0.35 -1.54 5.56 -0.35 -1.55 5.56 4649 4648 4650 0.01 219 4672 4648 3 32.94
-0.35 -1.7 5.66 -0.35 -1.71 5.67 4673 4672 4674 0.02 219 4688 4672 3 32.09
-0.59 0.08 5.42 -0.59 0.08 5.42 5235 5234 5236 0.01 29 5246 5234 2 22.44
-0.68 0.1 5.47 -0.68 0.1 5.47 5247 5246 5248 0.01 29 5280 5246 2 60.61
-0.93 0.13 5.58 -0.94 0.13 5.58 5281 5280 5282 0.01 29 5301 5280 2 37.7
-1.07 0.14 5.66 -1.08 0.14 5.67 5302 5301 5303 0.01 29 5330 5301 2 33.1
-1.25 0.17 5.8 -1.26 0.17 5.8 5331 5330 5332 0.01 29 5376 5330 2 56.9
-1.54 0.2 6.05 -1.53 0.23 6.07 5402 5376 5403 0.04 29 5417 5376 2 41.06
0.1 0.18 6.61 0.11 0.19 6.61 5798 5797 5799 0.01 39 5823 5797 2 5.99
0.2 0.29 6.79 0.24 0.27 6.78 6021 5823 6022 0.05 39 6035 5823 2 35.94
0.27 0.39 6.97 0.28 0.4 6.98 5850 5849 5851 0.01 319 5873 5849 3 19.86
0.33 0.47 7.15 0.34 0.47 7.16 5874 5873 5875 0.01 319 5886 5873 3 3.81
0.36 0.5 7.26 0.36 0.51 7.27 5887 5886 5888 0.01 319 5899 5886 3 24.94
0.38 0.53 7.37 0.38 0.53 7.38 5900 5899 5901 0.01 319 5922 5899 3 15.32
0.39 0.57 7.56 0.4 0.58 7.57 5931 5922 5932 0.01 319 5943 5922 3 22.5
0.33 0.28 6.87 0.36 0.35 6.84 6095 6035 6098 0.08 39 6095 6035 2 85.34
0.36 0.35 6.84 0.36 0.35 6.83 6098 6095 6099 0.01 39 6197 6095 2 154.01
0.22 0.02 6.04 0.23 0.02 6.04 6198 6197 6199 0.01 39 6227 6197 2 172.3
0.41 0.02 6.17 0.42 0.02 6.18 6228 6227 6229 0.01 39 6261 6227 2 42.05
0.61 0.02 6.34 0.61 0.02 6.35 6262 6261 6263 0.01 39 6281 6261 2 12.4
0.72 0.03 6.46 0.72 0.03 6.47 6282 6281 6283 0.01 39 6312 6281 2 34.47
0.87 0.02 6.66 0.88 0.02 6.67 6313 6312 6314 0.01 39 6335 6312 2 14.85
0.96 0 6.8 0.97 0.04 6.8 6398 6335 6399 0.03 39 6435 6335 2 17.84
0.17 -0.45 4.06 0.17 -0.47 4.06 6879 6836 6880 0.01 21 6914 6836 2 173.76
0.27 -0.73 4.08 0.27 -0.74 4.08 6915 6914 6916 0.01 21 6936 6914 2 58.68
0.33 -0.89 4.1 0.33 -0.9 4.1 6937 6936 6938 0.01 21 6956 6936 2 38.2
0.39 -1.04 4.13 0.39 -1.06 4.13 6957 6956 6958 0.02 21 6987 6956 2 59.3
0.47 -1.29 4.2 0.47 -1.3 4.21 6988 6987 6989 0.02 21 7007 6987 2 25.66
0.51 -1.45 4.27 0.51 -1.45 4.27 7008 7007 7009 0 21 7029 7007 2 49.7
0.55 -1.61 4.34 0.55 -1.61 4.34 7030 7029 7031 0.01 21 7074 7029 2 53.43
-0.26 0.46 4.8 -0.26 0.47 4.81 7385 7384 7386 0.01 23 7400 7384 2 33.99
-0.31 0.57 4.84 -0.32 0.58 4.84 7401 7400 7402 0.01 23 7433 7400 2 73.15
-0.44 0.81 4.9 -0.45 0.82 4.9 7434 7433 7435 0.01 23 7455 7433 2 23.22
-0.52 0.95 4.96 -0.53 0.96 4.96 7456 7455 7457 0.01 23 7483 7455 2 45.24
-0.6 1.13 5.05 -0.6 1.13 5.05 7484 7483 7485 0.01 23 7527 7483 2 51.09
-0.7 1.41 5.23 -0.7 1.42 5.23 7528 7527 7529 0.01 23 7531 7527 2 23.03
-0.71 1.43 5.25 -0.71 1.45 5.26 7532 7531 7533 0.02 23 7557 7531 2 57.77
-0.77 1.61 5.36 -0.77 1.63 5.37 7558 7557 7559 0.02 23 7574 7557 2 30.89
-0.24 -0.43 6.07 -0.24 -0.43 6.07 8068 8067 8069 0 25 8082 8067 2 152.49
-0.3 -0.3 5.98 -0.31 -0.31 5.99 8083 8082 8084 0.02 25 8104 8082 2 170.01
-0.41 -0.41 6.09 -0.41 -0.41 6.09 8105 8104 8106 0.01 25 8139 8104 2 62.32
-0.55 -0.59 6.25 -0.55 -0.59 6.27 8275 8221 8276 0.01 25 8288 8221 2 16.5
-0.59 -0.64 6.35 -0.6 -0.64 6.36 8289 8288 8290 0.01 25 8318 8288 2 25.27
-0.7 -0.72 6.53 -0.71 -0.72 6.54 8319 8318 8320 0.01 25 8345 8318 2 22.45
-0.78 -0.79 6.71 -0.76 -0.82 6.7 8426 8345 8427 0.03 25 8453 8345 2 24.33
-0.08 0.46 3.37 -0.08 0.46 3.37 8667 8666 8668 0.01 9 8691 8666 2 68.68
-0.1 0.67 3.36 -0.1 0.68 3.36 8692 8691 8693 0.01 9 8738 8691 2 58.65
-0.16 1.05 3.38 -0.16 1.05 3.39 8739 8738 8740 0.01 9 8739 8738 2 49.87
-0.16 1.05 3.39 -0.16 1.06 3.39 8740 8739 8741 0.01 9 8770 8739 2 57.1
-0.19 1.31 3.46 -0.19 1.32 3.47 8771 8770 8772 0.01 9 8787 8770 2 21.47
-0.21 1.44 3.52 -0.22 1.44 3.52 8788 8787 8789 0.01 9 8811 8787 2 44.83
-0.25 1.64 3.63 -0.25 1.66 3.64 8812 8811 8813 0.02 9 8826 8811 2 29.28
0.44 0.12 3.74 0.44 0.12 3.74 9164 9163 9165 0.01 13 9203 9163 2 73
0.73 0.19 3.74 0.74 0.2 3.74 9204 9203 9205 0.01 13 9219 9203 2 34.59
0.85 0.23 3.75 0.86 0.23 3.75 9220 9219 9221 0.01 13 9242 9219 2 55.13
1.03 0.28 3.76 1.04 0.28 3.76 9243 9242 9244 0.01 13 9280 9242 2 60.27
1.31 0.35 3.81 1.31 0.36 3.8 9286 9280 9287 0.01 13 9300 9280 2 29.76
1.43 0.37 3.86 1.43 0.37 3.86 9301 9300 9302 0.01 13 9302 9300 2 55.68
1.64 0.41 3.94 1.65 0.41 3.94 9327 9326 9328 0.01 13 9353 9326 2 36.93
1.83 0.47 4.03 1.85 0.47 4.03 9354 9353 9355 0.01 13 9369 9353 2 31.79
1.45 0.42 3.85 1.46 0.42 3.86 9373 9370 9374 0.02 129 9402 9370 3 4.94
-0.49 0.26 3.9 -0.5 0.26 3.91 9887 9886 9888 0.01 15 9902 9886 2 22.41
-0.61 0.32 3.92 -0.61 0.33 3.92 9903 9902 9904 0.01 15 9931 9902 2 52.27
-0.8 0.43 3.95 -0.81 0.43 3.95 9932 9931 9933 0.01 15 9961 9931 2 63.17
-1.02 0.53 3.99 -1.03 0.53 3.99 9962 9961 9963 0 15 9978 9961 2 36.89
-1.14 0.6 4.03 -1.16 0.61 4.04 9979 9978 9980 0.02 15 10008 9978 2 66.25
-1.34 0.72 4.12 -1.35 0.73 4.13 10009 10008 10010 0.01 15 10029 10008 2 40.96
-1.49 0.8 4.19 -1.5 0.8 4.19 10030 10029 10031 0.01 15 10055 10029 2 32.53
-1.64 0.88 4.3 -1.71 0.89 4.27 10375 10055 10376 0.07 15 10394 10055 2 20.82
0.2 0.47 4.24 0.2 0.47 4.24 10630 10629 10631 0.01 17 10654 10629 2 47.44
0.27 0.64 4.26 0.27 0.64 4.26 10655 10654 10656 0.01 17 10682 10654 2 44.33
0.35 0.83 4.3 0.35 0.84 4.3 10683 10682 10684 0.01 17 10734 10682 2 62.4
0.49 1.21 4.4 0.5 1.22 4.41 10735 10734 10736 0.01 17 10759 10734 2 54.87
0.59 1.38 4.49 0.59 1.39 4.49 10760 10759 10761 0.01 17 10764 10759 2 45.15
0.61 1.41 4.5 0.61 1.41 4.51 10765 10764 10766 0 17 10785 10764 2 174.13
0.68 1.56 4.6 0.65 1.58 4.59 10830 10785 10831 0.04 17 10865 10785 2 32.46
0.17 0.19 2.92 0.17 0.19 2.92 11317 11316 11318 0.01 3 11343 11316 2 66.84
0.33 0.35 2.9 0.34 0.35 2.9 11344 11343 11345 0.01 3 11369 11343 2 58.08
0.47 0.5 2.92 0.48 0.5 2.92 11370 11369 11371 0.01 3 11393 11369 2 41.33
0.61 0.63 2.96 0.62 0.64 2.96 11394 11393 11395 0.01 3 11439 11393 2 62.93
-0.25 -0.02 3.07 -0.26 -0.02 3.07 11625 11624 11626 0.01 5 11656 11624 2 69.6
-0.54 -0.04 3.05 -0.55 -0.04 3.05 11657 11656 11658 0.01 5 11672 11656 2 23.95
-0.68 -0.05 3.05 -0.69 -0.06 3.05 11673 11672 11674 0.01 5 11698 11672 2 71.62
-0.91 -0.08 3.07 -0.92 -0.08 3.08 11699 11698 11700 0.01 5 11724 11698 2 37.93
-1.11 -0.09 3.13 -1.12 -0.09 3.14 11725 11724 11726 0.01 5 11748 11724 2 37.19
-1.3 -0.11 3.22 -1.31 -0.11 3.22 11749 11748 11750 0.01 5 11770 11748 2 44.68
0.02 0.5 5.81 0.02 0.5 5.81 12108 12107 12109 0.01 33 12126 12107 2 32.14
0.04 0.62 5.89 0.04 0.62 5.89 12127 12126 12128 0.01 33 12160 12126 2 72.89
0.07 0.85 6.02 0.07 0.86 6.03 12161 12160 12162 0.01 33 12179 12160 2 20.09
0.08 0.96 6.13 0.08 0.96 6.13 12180 12179 12181 0.01 33 12209 12179 2 37.6
0.12 1.12 6.31 0.12 1.12 6.31 12210 12209 12211 0 33 12242 12209 2 32.79
0.16 1.27 6.5 0.15 1.27 6.5 12324 12307 12325 0.01 33 12337 12307 2 24.87
0.18 1.34 6.6 0.19 1.35 6.61 12338 12337 12339 0.01 33 12358 12337 2 40.93
-0.26 -0.4 3.56 -0.26 -0.41 3.56 12687 12686 12688 0.01 11 12711 12686 2 72.61
-0.37 -0.58 3.56 -0.37 -0.58 3.56 12712 12711 12713 0 11 12749 12711 2 47.51
-0.52 -0.82 3.56 -0.52 -0.83 3.56 12750 12749 12751 0 11 12771 12749 2 60.77
-0.61 -0.97 3.58 -0.61 -0.97 3.58 12772 12771 12773 0 11 12821 12771 2 58.14
-0.83 -1.26 3.67 -0.83 -1.27 3.67 12822 12821 12823 0 11 12829 12821 2 18.6
-0.86 -1.3 3.69 -0.86 -1.31 3.69 12830 12829 12831 0.01 11 12875 12829 2 45.64
0.48 0.34 5.23 0.49 0.35 5.23 13347 13346 13348 0.01 27 13361 13346 2 1.9
0.57 0.4 5.28 0.58 0.4 5.28 13362 13361 13363 0.01 27 13390 13361 2 60.33
0.76 0.52 5.38 0.76 0.52 5.38 13391 13390 13392 0.01 27 13418 13390 2 42.32
0.91 0.63 5.48 0.92 0.63 5.49 13419 13418 13420 0.01 27 13442 13418 2 31.99
1.06 0.73 5.61 1.06 0.73 5.61 13443 13442 13444 0.01 27 13476 13442 2 62.73
1.24 0.85 5.78 1.25 0.85 5.78 13477 13476 13478 0.01 27 13497 13476 2 17.38
1.34 0.92 5.88 1.34 0.92 5.88 13498 13497 13499 0.01 27 13521 13497 2 39.13
0.2 -0.15 3.23 0.2 -0.15 3.22 14032 14031 14033 0.01 7 14061 14031 2 73
0.38 -0.31 3.2 0.39 -0.31 3.2 14062 14061 14063 0.01 7 14084 14061 2 61.83
0.53 -0.42 3.2 0.54 -0.43 3.2 14085 14084 14086 0.01 7 14103 14084 2 33.52
0.68 -0.53 3.2 0.69 -0.53 3.2 14104 14103 14105 0.01 7 14141 14103 2 66.95
0.92 -0.7 3.25 0.93 -0.7 3.25 14142 14141 14143 0.01 7 14160 14141 2 34.2
1.04 -0.77 3.3 1.05 -0.78 3.3 14161 14160 14162 0 7 14194 14160 2 51.34
1.25 -0.89 3.37 1.25 -0.9 3.38 14195 14194 14196 0.01 7 14209 14194 2 2.95
0.3 -0.36 5.62 0.3 -0.36 5.63 14609 14608 14610 0.01 31 14628 14608 2 29.07
0.39 -0.46 5.7 0.39 -0.47 5.7 14629 14628 14630 0.01 31 14663 14628 2 69.25
0.55 -0.65 5.84 0.55 -0.66 5.84 14664 14663 14665 0.01 31 14681 14663 2 24.8
0.63 -0.75 5.93 0.64 -0.75 5.93 14682 14681 14683 0.01 31 14709 14681 2 33.38
0.73 -0.89 6.08 0.73 -0.89 6.08 14710 14709 14711 0.01 31 14764 14709 2 36.18
0.91 -1.1 6.36 0.92 -1.11 6.37 14765 14764 14766 0.01 31 14787 14764 2 30.44
